Release	Date	Bases	Sequences
3	1982-12-01	680338	606
14	1983-11-01	2274029	2427
20	1984-05-01	3002088	3665
24	1984-09-01	3323270	4135
25	1984-10-01	3368765	4175
26	1984-11-01	3689752	4393
32	1985-05-01	4211931	4954
36	1985-09-01	5204420	5700
40	1986-02-01	5925429	6642
42	1986-05-01	6765476	7416
44	1986-08-01	8442357	8823
46	1986-11-01	9615371	9978
48	1987-02-01	10961380	10913
50	1987-05-01	13048473	12534
52	1987-08-01	14855145	14020
53	1987-09-01	15514776	14584
54	1987-12-01	16752872	15465
55	1988-03-01	19156002	17047
56	1988-06-01	20795279	18226
57	1988-09-01	22019698	19044
57.1	1988-10-01	23800000	20579
58	1988-12-01	24690876	21248
59	1989-03-01	26382491	22479
60	1989-06-01	31808784	26317
61	1989-09-01	34762585	28791
62	1989-12-01	37183950	31229
63	1990-03-01	40127752	33377
64	1990-06-01	42495893	35100
65	1990-09-01	49179285	39533
66	1990-12-01	51306092	41057
67	1991-03-01	55169276	43903
68	1991-06-01	65868799	51418
69	1991-09-01	71947426	55627
70	1991-12-01	77337678	58952
71	1992-03-01	83894652	65100
72	1992-06-01	92160761	71280
73	1992-09-01	101008486	78608
74	1992-12-01	120242234	97084
75	1993-02-01	126212259	106684
76	1993-04-01	129968355	111911
77	1993-06-01	138904393	120134
78	1993-08-01	147215633	131328
79	1993-10-01	157152442	143492
80	1993-12-01	163802597	150744
81	1994-02-01	173261500	162946
82	1994-04-01	180589455	169896
83	1994-06-01	191393939	182753
84	1994-08-01	201815802	196703
85	1994-10-01	217102462	215273
86	1994-12-01	230485928	237775
87	1995-02-01	248499214	269478
88	1995-04-01	286094556	352414
89	1995-06-01	318624568	425211
90	1995-08-01	353713490	492483
91	1995-10-01	384939485	555694
92	1995-12-01	425860958	620765
93	1996-02-01	463758833	685693
94	1996-04-01	499127741	744295
95	1996-06-01	551750920	835487
96	1996-08-01	602072354	920588
97	1996-10-01	651972984	1021211
98	1996-12-01	730552938	1114581
99	1997-02-01	786898138	1192505
100	1997-04-01	842864309	1274747
101	1997-06-01	966993087	1491069
102	1997-08-01	1053474516	1610848
103	1997-10-01	1160300687	1765847
104	1997-12-01	1258290513	1891953
105	1998-02-01	1372368913	2042325
106	1998-04-01	1502542306	2209232
107	1998-06-01	1622041465	2355928
108	1998-08-01	1797137713	2532359
109	1998-10-01	2008761784	2837897
110	1998-12-01	2162067871	3043729
111	1999-04-01	2569578208	3525418
112	1999-06-01	2974791993	4028171
113	1999-08-01	3400237391	4610118
114	1999-10-01	3841163011	4864570
115	1999-12-01	4653932745	5354511
116	2000-02-01	5805414935	5691170
117	2000-04-01	7376080723	6215002
118	2000-06-01	8604221980	7077491
119	2000-08-01	9545724824	8214339
120	2000-10-01	10335692655	9102634
121	2000-12-01	11101066288	10106023
122	2001-02-01	11720120326	10896781
123	2001-04-01	12418544023	11545572
124	2001-06-01	12973707065	12243766
125	2001-08-01	13543364296	12813516
126	2001-10-01	14396883064	13602262
127	2001-12-01	15849921438	14976310
128	2002-02-01	17089143893	15465325
129	2002-04-01	19072679701	16769983
130	2002-06-01	20648748345	17471130
131	2002-08-01	22616937182	18197119
132	2002-10-01	26525934656	19808101
133	2002-12-01	28507990166	22318883
134	2003-02-01	29358082791	23035823
135	2003-04-01	31099264455	24027936
136	2003-06-01	32528249295	25592865
137	2003-08-01	33865022251	27213748
138	2003-10-01	35599621471	29819397
139	2003-12-01	36553368485	30968418
140	2004-02-01	37893844733	32549400
141	2004-04-01	38989342565	33676218
142	2004-06-01	40325321348	35532003
143	2004-08-01	41808045653	37343937
144	2004-10-01	43194602655	38941263
145	2004-12-01	44575745176	40604319
146	2005-02-01	46849831226	42734478
147	2005-04-01	48235738567	44202133
148	2005-06-01	49398852122	45236251
149	2005-08-01	51674486881	46947388
150	2005-10-01	53655236500	49152445
151	2005-12-01	56037734462	52016762
152	2006-02-01	59750386305	54584635
153	2006-04-01	61582143971	56620500
154	2006-06-01	63412609711	58890345
155	2006-08-01	65369091950	61132599
156	2006-10-01	66925938907	62765195
157	2006-12-01	69019290705	64893747
158	2007-02-01	71292211453	67218344
159	2007-04-01	75742041056	71802595
160	2007-06-01	77248690945	73078143
161	2007-08-01	79525559650	76146236
162	2007-10-01	81563399765	77632813
163	2007-12-01	83874179730	80388382
164	2008-02-01	85759586764	82853685
165	2008-04-01	89172350468	85500730
166	2008-06-01	92008611867	88554578
167	2008-08-01	95033791652	92748599
168	2008-10-01	97381682336	96400790
169	2008-12-01	99116431942	98868465
170	2009-02-01	1.01467E+11	101815678
171	2009-04-01	1.0298E+11	103335421
172	2009-06-01	1.05277E+11	106073709
173	2009-08-01	1.06533E+11	108431692
174	2009-10-01	1.0856E+11	110946879
175	2009-12-01	1.10119E+11	112910950
176	2010-02-01	1.12326E+11	116461672
177	2010-04-01	1.14349E+11	119112251
178	2010-06-01	1.15624E+11	120604423
179	2010-08-01	1.17477E+11	122941883
180	2010-10-01	1.18552E+11	125764384
181	2010-12-01	1.22083E+11	129902276
182	2011-02-01	1.24278E+11	132015054
183	2011-04-01	1.26552E+11	135440924
184	2011-06-01	1.29178E+11	140482268
185	2011-08-01	1.30671E+11	142284608
186	2011-10-01	1.32067E+11	144458648
187	2011-12-01	1.35118E+11	146413798
188	2012-02-01	1.37385E+11	149819246
189	2012-04-01	1.39266E+11	151824421
190	2012-06-01	1.41343E+11	154130210
191	2012-08-01	1.43082E+11	156424033
192	2012-10-01	1.45431E+11	157889737
193	2012-12-01	1.48391E+11	161140325
194	2013-02-01	1.50141E+11	162886727
195	2013-04-01	1.51179E+11	164136731
196	2013-06-01	1.52599E+11	165740164
197	2013-08-01	1.54193E+11	167295840
198	2013-10-01	1.55176E+11	168335396
199	2013-12-01	1.56231E+11	169331407
200	2014-02-01	1.57944E+11	171123749
201	2014-04-01	1.59813E+11	171744486
202	2014-06-01	1.61823E+11	173353076
203	2014-08-01	1.65723E+11	174108750
204	2014-10-01	1.81564E+11	178322253
205	2014-12-01	1.84938E+11	179295769
206	2015-02-01	1.87894E+11	181336445
207	2015-04-01	1.89739E+11	182188746
208	2015-06-01	1.93921E+11	185019352
209	2015-08-01	1.99824E+11	187066846
210	2015-10-01	2.02237E+11	188372017
211	2015-12-01	2.03939E+11	189232925
212	2016-02-01	2.07018E+11	190250235
213	2016-04-01	2.11424E+11	193739511
214	2016-06-01	2.13201E+11	194463572
215	2016-08-01	2.17971E+11	196120831
216	2016-10-01	2.20731E+11	197390691
217	2016-12-01	2.24973E+11	198565475
218	2017-02-01	2.28719E+11	199341377
219	2017-04-01	2.31825E+11	200877884
220	2017-06-01	2.34997E+11	201663568
221	2017-08-01	2.40343E+11	203180606
222	2017-10-01	2.44915E+11	203953682
223	2017-12-01	2.49722E+11	206293625
224	2018-02-01	2.53631E+11	207040555
225	2018-04-01	2.60189E+11	208452303
226	2018-06-01	2.63958E+11	209775348
227	2018-08-01	2.60807E+11	208831050
228	2018-10-01	2.79668E+11	209656636
229	2018-12-01	2.85689E+11	211281415